mlogloss: [2.159685,2.035891,1.988083,1.938154,1.903236,1.843235,1.773055,1.678117,1.589329,1.482586,1.387169,1.294656,1.234504,1.179677,1.128314,1.084569,1.043933,1.007003,0.97009,0.941071,0.910006,0.885447,0.862835,0.831754,0.814425,0.79386,0.770357,0.747481,0.727568,0.707708,0.692663,0.672962,0.649023,0.629809,0.614756,0.600315,0.590731,0.578389,0.568956,0.553654,0.542819,0.522518,0.509737,0.499743,0.490476,0.479195,0.464684,0.453871,0.443506,0.436146,0.429127,0.4191,0.409682,0.401503,0.395298,0.381429,0.372423,0.358047,0.350055,0.34347,0.333404,0.32806,0.323851,0.310995,0.297841,0.290498,0.279741,0.269218,0.2635,0.257409,0.245738,0.242004,0.23634,0.230938,0.226468,0.2194,0.213814,0.210423,0.205059,0.198499,0.193155,0.185885,0.183432,0.181203,0.175948,0.173859,0.170455,0.16667,0.163812,0.160002,0.156572,0.153835,0.151346,0.146662,0.140562,0.138002,0.136069,0.133987,0.129952,0.126029,0.123769,0.122241,0.120649,0.119019,0.115619,0.113719,0.111734,0.108365,0.106636,0.103359,0.10197,0.100894,0.09869,0.09692,0.0956,0.094637,0.091567,0.090702,0.089664,0.089183,0.088363,0.086638,0.083748,0.082545,0.080972,0.079873,0.078671,0.077802,0.076269,0.075465,0.073793,0.073232,0.072438,0.071687,0.07036,0.069293,0.068208,0.066669,0.065515,0.064455,0.0636,0.062308,0.061907,0.061204,0.060379,0.059555,0.058882,0.058335,0.058108,0.057219,0.056153,0.055491,0.055056,0.054395,0.05377,0.053051,0.052458,0.051893,0.05095,0.050331,0.049128,0.048131,0.047766,0.047432,0.046754,0.046173,0.045674,0.045233,0.044208,0.043675,0.043271,0.042358,0.041787,0.040444,0.040079,0.039758,0.039389,0.039145,0.038998,0.038645,0.038253,0.037832,0.037546,0.037337,0.036793,0.036324,0.036108,0.035698,0.035294,0.035068,0.034504,0.034215,0.03398,0.033679,0.033456,0.033031,0.032433,0.032159,0.031909,0.031812,0.031475,0.031024,0.030702,0.030571,0.030383,0.030297,0.030212,0.029829,0.029609,0.029488,0.029301,0.028894,0.028713,0.028608,0.028487,0.028385,0.028266,0.028117,0.027824,0.027554,0.027167,0.027022,0.026851,0.026631,0.02656,0.026491,0.026341,0.026166,0.025865,0.025716,0.025447,0.025174,0.024944,0.024887,0.024859,0.024719,0.024631,0.024527,0.024362,0.024177,0.024079,0.023915,0.023751,0.023682,0.023439,0.023381,0.023311,0.023064,0.023036,0.023003,0.02288,0.022839,0.022736,0.022642,0.022552,0.022473,0.022315,0.022128,0.022013,0.021911,0.021852,0.021776,0.021733,0.021651,0.021585,0.021427]
gmean: [0.484108 0.512605 0.523119 0.537766 0.556508 0.561444 0.575873 0.593188
 0.607553 0.621576 0.635024 0.644814 0.649643 0.65758  0.663951 0.666818
 0.67126  0.679344 0.685175 0.689344 0.694458 0.699077 0.700701 0.706224
 0.707471 0.710873 0.714678 0.719698 0.723269 0.726367 0.72904  0.733468
 0.737386 0.739116 0.741271 0.744369 0.74503  0.746244 0.747054 0.7502
 0.751101 0.754306 0.756787 0.757975 0.758918 0.760533 0.763334 0.764712
 0.765971 0.767217 0.767962 0.768868 0.769292 0.77216  0.773153 0.77495
 0.77611  0.778361 0.778693 0.779051 0.780491 0.78179  0.782386 0.783362
 0.784598 0.786    0.787918 0.789718 0.790497 0.79191  0.79339  0.793549
 0.794678 0.795692 0.796218 0.797257 0.796821 0.797856 0.798502 0.799216
 0.799656 0.800655 0.800664 0.801108 0.801792 0.801932 0.802185 0.802628
 0.803453 0.803646 0.80396  0.80379  0.804635 0.805307 0.804854 0.805079
 0.805129 0.80587  0.806259 0.806614 0.807079 0.80737  0.807482 0.807804
 0.808045 0.808125 0.808242 0.808678 0.809018 0.809376 0.809433 0.809372
 0.809231 0.809334 0.809353 0.809327 0.809387 0.809268 0.80941  0.809404
 0.809422 0.809707 0.809915 0.810272 0.81055  0.810662 0.810589 0.810703
 0.811009 0.811153 0.811104 0.811235 0.811507 0.811479 0.81144  0.811523
 0.811502 0.812026 0.81217  0.812444 0.812648 0.812817 0.812727 0.812786
 0.812941 0.813585 0.81367  0.813873 0.814307 0.813962 0.814536 0.814442
 0.814261 0.814583 0.814425 0.814594 0.814501 0.814845 0.814615 0.814191
 0.81445  0.814557 0.81456  0.8145   0.814775 0.814835 0.81497  0.815252
 0.815306 0.815572 0.815351 0.815413 0.815462 0.815428 0.815532 0.815537
 0.815695 0.815629 0.81564  0.815228 0.815223 0.81572  0.815781 0.816036
 0.815627 0.815672 0.815655 0.815562 0.815526 0.815473 0.815749 0.815829
 0.815985 0.816087 0.81607  0.815997 0.816136 0.815968 0.815994 0.815995
 0.815967 0.816136 0.816042 0.816074 0.816082 0.816004 0.816071 0.816114
 0.815975 0.816045 0.816123 0.816507 0.816511 0.816488 0.816328 0.816495
 0.816769 0.816705 0.816492 0.816488 0.816557 0.816511 0.816657 0.816963
 0.817062 0.816594 0.816701 0.816675 0.816801 0.816652 0.816606 0.816602
 0.816402 0.81647  0.816667 0.817195 0.817149 0.817015 0.817269 0.817175
 0.817312 0.817341 0.817316 0.816802 0.816977 0.816991 0.816989 0.817037
 0.817085 0.817007 0.816877 0.816988 0.816985 0.816921 0.817123 0.817118
 0.817121 0.817159 0.816998 0.816938 0.817029 0.817174 0.817175 0.817208
 0.817277 0.817206]
