mlogloss: [2.15794912 1.97210979 1.83610757 1.76238584 1.66783755 1.59129742
 1.54161604 1.46978629 1.40767351 1.33005938 1.28551197 1.26478937
 1.23843317 1.20094779 1.1417286  1.10435897 1.05312258 0.98390209
 0.95163125 0.93654739 0.92953822 0.9081411  0.90076747 0.86779369
 0.82757958 0.79406002 0.76810836 0.7230642  0.70539977 0.67215299
 0.63958645 0.60805038 0.58182557 0.56854155 0.55036326 0.52367479
 0.50259369 0.48943534 0.47274577 0.466747   0.45856936 0.42903643
 0.41455424 0.38551184 0.35126751 0.34805501 0.34190416 0.33003334
 0.30946715 0.30655972 0.30328337 0.29578374 0.28420082 0.27878855
 0.27497184 0.26810859 0.26031542 0.237874   0.23337461 0.23238576
 0.2272251  0.21337996 0.20648996 0.20060318 0.18710093 0.18021374
 0.17695303 0.17411324 0.1597312  0.15581779 0.14958623 0.14856829
 0.147963   0.14436567 0.13659031 0.12974944 0.12341731 0.12155235
 0.11919869 0.11455937 0.11382653 0.11233649 0.11094623 0.10734049
 0.10200228 0.10153996 0.09941423 0.09692405 0.09634179 0.0949229
 0.08942621 0.08834989 0.08633374 0.08433652 0.08193792 0.08063714
 0.07963122 0.07754382 0.07206871 0.07155773 0.07025104 0.06705149
 0.06573284 0.06452473 0.06374049 0.06279924 0.06009158 0.05882877
 0.05805264 0.05761732 0.05703671 0.05566526 0.05296076 0.05239683
 0.05188904 0.05134537 0.05068219 0.05017886 0.04975895 0.04904026
 0.04805918 0.04751786 0.04702978 0.04509801 0.04469089 0.04308592
 0.0427847  0.0423958  0.04167615 0.04140298 0.04009668 0.0389576
 0.03841645 0.03798034 0.03737697 0.03674936 0.03642031 0.03629369
 0.0361607  0.03463819 0.03352467 0.03330495 0.03284925 0.03073511
 0.03030989 0.0301168  0.02986859 0.02902519 0.02846781 0.0274526
 0.02689245 0.02647414 0.02458869 0.02438079 0.02429146 0.02374177
 0.02317776 0.0220737  0.02194054 0.02178385 0.02167279 0.02149582
 0.0204573  0.0202145  0.01999064 0.01966593 0.0194847  0.01924025
 0.01916642 0.01878588 0.0185024  0.01822469 0.0181475  0.01805258
 0.01757672 0.0170107  0.01680236 0.01641886 0.01621509 0.01617749
 0.01597427 0.01581063 0.01574339 0.01544567 0.0152249  0.01494603
 0.01459003 0.01425168 0.01418235 0.01402864 0.01378677 0.01359487
 0.01359846 0.01345692 0.0129069  0.01274866 0.01265397 0.01237163
 0.01192017 0.01174997 0.01163937 0.0115557  0.01149146 0.0111744
 0.01109155 0.01102208 0.01092649 0.01085365 0.01077849 0.01069659
 0.01059063 0.0103537  0.0100449  0.00989315 0.00978391 0.00973094
 0.0097003  0.00957276 0.00950352 0.00942973 0.00928597 0.00908728
 0.00886565 0.00882489 0.00870721 0.00863564 0.00857255 0.00836678
 0.0082897  0.00822656 0.0082114  0.00817048 0.00806886 0.007955
 0.00785235 0.00780261 0.00776122 0.00772185 0.00768365 0.00763734
 0.00739831 0.00721698 0.00712451 0.00690279 0.00684523 0.00684332
 0.00676998 0.00673728 0.00671555 0.00669029 0.00660801 0.00637961
 0.00631088 0.00617729 0.00610924 0.00609644 0.00603545 0.0058978
 0.00582408 0.00579222 0.00574695 0.00573265 0.0056831  0.00556599
 0.00553914 0.00539343 0.00535489 0.00531495 0.00527654 0.00526269]
gmean: [0.39419392389280045,0.4826078500090329,0.522123327252,0.5365930001140264,0.5577005025464934,0.5604474517481546,0.5594529618806517,0.5925800674350354,0.6042514498313231,0.6246928305623045,0.6412001786309913,0.6458510222945314,0.6523540569199792,0.6651653867013329,0.676234252324218,0.6887753457358405,0.6990135920938523,0.716688225962436,0.7277117461850221,0.7256888338938814,0.7252807703943491,0.7306640774929225,0.7299025299244768,0.7395314472669317,0.7466187504283388,0.753888136342564,0.7606743973525851,0.7748836063434132,0.7763429515216864,0.7854040286179372,0.7902543982843188,0.7972427671068971,0.8045345401480992,0.8062536752907725,0.8094761731661128,0.8162337858678296,0.8206789546513252,0.8222196224061803,0.8245095760705041,0.8246964366626474,0.826498259606823,0.8316670165996635,0.832346706243459,0.8390250136002205,0.8460319134707984,0.8470002454933077,0.8479565007505706,0.8488203031997936,0.8507139539311002,0.8510264310975272,0.8512246561660034,0.852231713699723,0.8539326242332126,0.8544349161506106,0.8559433659184473,0.8566128564848984,0.857846577795,0.8615760145597118,0.863175384529236,0.8622550271540449,0.8620204697730155,0.8627468048974815,0.8633163813992532,0.8635399275043065,0.8654830203646545,0.8659162631974471,0.8672770690216837,0.866805854161194,0.8693110937281636,0.8690464282140261,0.8699731027208231,0.8690150679237497,0.869587316352777,0.8700434047969874,0.8709417452400278,0.8711977466002933,0.8722405187675459,0.8717519869184961,0.8722401592544498,0.8725150534212401,0.8724402543159685,0.8725883491673642,0.8727894953417099,0.8735246462079772,0.8745286673615535,0.8745451959968211,0.8749593788452715,0.8750989725339496,0.8750745215551315,0.87514890806407,0.8765358491974741,0.8761690376814544,0.8762247185973892,0.8763683483780955,0.8762386450051113,0.8763434293719919,0.8763357426255209,0.8764451810053014,0.877576900089678,0.8775447007374578,0.8778651524538792,0.8780058186768488,0.8785440299698666,0.8785766756230806,0.8785339369787093,0.8781702656313812,0.8783183933480448,0.8787870525863865,0.8788006139377331,0.8787975346271736,0.8788127750345084,0.8792044643155293,0.8795706172510881,0.8800048037084913,0.8796322159483329,0.8800496025852799,0.8799861458620661,0.8793606457399572,0.8789376990275224,0.8789441748329414,0.878918811958504,0.8793014575662104,0.8789816690039242,0.8790092738664272,0.8789524050660369,0.8793480539106475,0.879019760788202,0.8797885662053752,0.8794734274478408,0.8795856720480207,0.879590663449265,0.8799702170087516,0.8799716309511328,0.879675476884887,0.8796835183809785,0.8796828887465485,0.879685112203061,0.8796892818948291,0.879694680982808,0.8796497349926562,0.8800331237385892,0.88003210400653,0.8804210079699811,0.8807682768241003,0.8807722647957752,0.8811532893060925,0.8808438226739058,0.8809173049962676,0.8809269099944033,0.8809916544292367,0.8813732478607931,0.8813709890401545,0.8817604800390179,0.8817649214307314,0.8814505715481601,0.8813862035141461,0.8813888614363273,0.8814007303321989,0.8814072433055642,0.88172369790945,0.8813448591433543,0.8813448929319814,0.8817966534214376,0.8818610883287359,0.8814832813918818,0.8818004867797065,0.8826491807184619,0.8826552652309767,0.882594685158082,0.8825952229077819,0.8822120966960035,0.8825907030830998,0.8818362715090394,0.8822816327918789,0.882286558147598,0.8823499859751545,0.8822907123453375,0.8822950997400403,0.882358275176856,0.8823579554603675,0.8823579554603675,0.8823587455244287,0.8823590653521303,0.8828063863070055,0.8831839540195481,0.8831211590372553,0.8831229907700311,0.8831226710955884,0.8831187253122377,0.8830553858663678,0.8831203030326564,0.8831212095753787,0.8831209240943295,0.8830586603443309,0.8831242525946924,0.8835019718852577,0.8831247904468097,0.8831253282988543,0.8835654642645595,0.8835652123094808,0.8840684332407112,0.8831885954771138,0.8831899231466924,0.883127128093479,0.8831912507044496,0.8827511138112245,0.8830656544383214,0.882688033645826,0.8828144733516435,0.8826883176664407,0.8826882838172011,0.882751683474844,0.8831300674669603,0.8831302856441372,0.8835077180847432,0.8835080038652047,0.8835088271383532,0.8835083232132935,0.8842627048890308,0.8842629905470032,0.8835085752872603,0.8835082895068456,0.8838858464981023,0.8838861322172231,0.8835085752872603,0.883508860817424,0.8838861319668885,0.8835093646309903,0.8838869214057864,0.8831325041019619,0.88350936451956,0.8835090789894322,0.8835102221107151,0.883132504352083,0.8831330757852593,0.883133361738256,0.8831793588048684,0.8831796108084773,0.8831793588048684,0.8831793253358677,0.8835567374528606,0.883620327097799,0.8832597047222757,0.8833059808161846,0.8833059808161846,0.8832429398408783,0.883242939952275,0.883620325091284,0.8836833393296042,0.8836203252027282,0.8836203252027282,0.8833059809275893,0.8833317458669867,0.8833317458669867,0.8833320316764355,0.8832857569241889,0.8832857569241889,0.8833320316764355,0.8832857569241889,0.8832857569241889,0.8832857569241889,0.8832857569241889,0.8832857569241889,0.8832857569241889,0.8832599906547742,0.8832857569241889,0.8832857569241889,0.8832857568127869,0.8832857568127869,0.8832857568127869]
