mlogloss: [0.37784846 0.26850943 0.2134358  0.18564234 0.17170093 0.16326028
 0.15585609 0.14889263 0.14535797 0.14127939 0.13474201 0.13262261
 0.13180078 0.12870636 0.12352226 0.12082086 0.11618062 0.11471899
 0.10877375 0.10347037 0.10110628 0.09953479 0.09811165 0.09407525
 0.09076692 0.08791741 0.08546418 0.08365342 0.08141327 0.08043233
 0.07910945 0.07807109 0.07677417 0.07642577 0.07616031 0.07447879
 0.07003685 0.06932892 0.06608435 0.0655152  0.06527713 0.06441427
 0.06345657 0.06284873 0.0620122  0.06140428 0.06101959 0.06055657
 0.06036621 0.05948464 0.05892624 0.05834608 0.05784482 0.05755652
 0.05682494 0.05665926 0.05614432 0.05586321 0.05570562 0.05548551
 0.05455361 0.05434796 0.05358709 0.0532997  0.0530219  0.05231744
 0.05189416 0.05125036 0.05072384 0.05064292 0.05044968 0.04997104
 0.04947051 0.04915715 0.04891742 0.04849627 0.04810067 0.04789808
 0.04720127 0.04690005 0.04674648 0.04665036 0.04660541 0.04649663
 0.04633004 0.04629545 0.04596967 0.04575703 0.04517621 0.04494367
 0.04478119 0.04467023 0.04454478 0.04438553 0.04420868 0.04396559
 0.04394804 0.04336945 0.04322611 0.04306275 0.04279358 0.0426968
 0.04259353 0.04248258 0.04231085 0.04207131 0.0420008  0.04162611
 0.04149397 0.04142496 0.04130636 0.0408454  0.04065992 0.04047709
 0.04041952 0.04040293 0.04010965 0.04010831 0.03985091 0.03970438
 0.03964249 0.03962495 0.03953499 0.03952294 0.03950385 0.0392385
 0.03922694 0.03921186 0.03921337 0.039122   0.03887066 0.03879426
 0.03864327 0.03851833 0.03851058 0.0384504  0.03828971 0.03810062
 0.03801205 0.03795804 0.0379616  0.03788849 0.03775872 0.03765601
 0.03762102 0.0374799  0.0374069  0.03736079 0.03736036 0.03733686
 0.03733326 0.03721415 0.03719328 0.03719005 0.03719462 0.03712968
 0.0370131  0.03682984 0.03683002 0.03681814 0.03671388 0.03665027
 0.03661062 0.0365435  0.03648421 0.03640862 0.03640985 0.03634646
 0.0362858  0.03623348 0.03617486 0.03616945 0.03612452 0.036126
 0.03611565 0.03611511 0.03599533 0.03599478 0.03598229 0.03589874
 0.03590283 0.03587518 0.03587464 0.03584904 0.03584969 0.03584997
 0.03585358 0.03581462 0.03574053 0.03571279 0.03570903 0.03545107
 0.0354525  0.0354111  0.03533952 0.0352061  0.03520734 0.03520414
 0.03516293 0.03515836 0.0350434  0.03504379 0.03504292 0.03502913
 0.03503074 0.03501435 0.03500587 0.03500707 0.03495873 0.03493793
 0.03470103 0.03470659 0.03462995 0.03458509 0.03458787 0.03459184
 0.0345937  0.03459658 0.03459993 0.03460086 0.03460213 0.03453637
 0.03454209 0.03454063 0.0345428  0.03454732 0.03455579 0.0345103
 0.03449592 0.0344995  0.0345017  0.03448275 0.03448459 0.03445972
 0.03446274 0.03446656 0.03438874 0.03439295 0.0343984  0.03440013
 0.03434928 0.03433078 0.03433083 0.03433059 0.03432268 0.03426465
 0.03427226 0.03427217 0.03427131 0.03427588 0.03427735 0.03427921
 0.03422829 0.03423342 0.03418041 0.03418201 0.03418671 0.03419119
 0.03413659 0.03410038 0.03410436 0.03404631 0.03404683 0.03404846
 0.03399545 0.03388383 0.03381517 0.03381622 0.03379136 0.0337808
 0.0337835  0.03378774 0.0337901  0.03379519 0.03380009 0.03376951
 0.03377276 0.03377752 0.03378148 0.03378108 0.03378616 0.0337436
 0.03374777 0.03375244 0.03370985 0.03366589 0.03363307 0.03363721
 0.03361216 0.03361563 0.03361744 0.03362092 0.0335498  0.03355331
 0.03348692 0.03346766 0.03347143 0.03346038 0.03345874 0.03346264
 0.03341549 0.03342008 0.0333659  0.03336746 0.03335115 0.03331398
 0.03326797 0.03325278 0.03325574 0.03323184 0.03318838 0.03311759
 0.03311299 0.03311579 0.03311859 0.03312108 0.03312402 0.03312914
 0.03313462 0.03313708 0.03311418 0.03311995]
gmean: [0.3231393008326228,0.3313596532940775,0.36516286567705364,0.3670776237411133,0.40949593124285355,0.40870689593238557,0.4138326916288919,0.4032068294519536,0.40461033483445896,0.4129839413093065,0.4324831876847125,0.43650830376731875,0.4547438790833437,0.4615138654433451,0.47675110510426233,0.4847107629553765,0.5003889407608594,0.5019628716761075,0.5122408982767497,0.5262577332834784,0.5279393518378207,0.5349654296258274,0.5376382927879603,0.547471314581464,0.5605078846736644,0.5711427067508875,0.5772009109590877,0.5813229077913653,0.585699627054262,0.5870432594836368,0.5937350967176575,0.5961272617742217,0.6005268563884839,0.5990744877909066,0.615155350343701,0.6205700089421875,0.6323549778697668,0.6322354510663543,0.6401511700975231,0.6427325886217251,0.6425386634135191,0.6443165923478456,0.6489513776466881,0.6518767216146164,0.6537546823124599,0.6559467893088395,0.6554713164408376,0.6606335722564777,0.6622337381319555,0.6631398895537661,0.6650096806098988,0.6670510877045448,0.6663221074357273,0.667277454785291,0.6693417054122868,0.6709354598265926,0.6699510306199562,0.6705940514983967,0.6727180421055464,0.6761212603514892,0.6765641032204359,0.6758528500726325,0.6772400451653282,0.676839859498889,0.6779811713881525,0.6821965087840411,0.6816827370771682,0.6843122631291731,0.6903181285346923,0.6920722352968689,0.6938111328840773,0.6934431668815776,0.6920381233393074,0.6930805276552151,0.6959085989191053,0.6948043409479722,0.6951171123870346,0.6963972627574677,0.7005229369046495,0.7005465716960774,0.7066843722324352,0.7084135101746936,0.7089956688729873,0.7110688507096155,0.7109341617434352,0.7117984641937468,0.7104299934413738,0.7097005848002734,0.7192338483340891,0.7179845419547489,0.7179945991284279,0.7178318724422398,0.7190872771972588,0.7196598141797467,0.7203782101892889,0.7229547370496853,0.7221099712094228,0.722757241350118,0.7245103939186258,0.7244484273922863,0.7261360744601928,0.7262953481513896,0.7317353145279392,0.7326826523106448,0.7446194229029915,0.7446298408416524,0.7429706784574841,0.7439415467274494,0.7451421075777084,0.745296260530381,0.7452699241366689,0.7516419749159995,0.7513636822028348,0.7527371399329876,0.7534050960380083,0.753954639614109,0.7543812326375154,0.7534546830836599,0.751197725164218,0.7524246096904073,0.752823518756386,0.7542289636490481,0.7562254335445829,0.7568016538390797,0.757311797714728,0.7560443571998952,0.7582365116448672,0.7579121262204506,0.7578378318806679,0.7574056407759042,0.7572001632805829,0.757699522885288,0.7575803529850703,0.7576180358726393,0.758911589158003,0.7598581557805427,0.7608726308024336,0.7599421008736467,0.7618043018031999,0.7623918849754524,0.7628308498793567,0.7630351084966842,0.7634064210244461,0.7653480370008615,0.7654832636524368,0.76510242901494,0.7653789304515272,0.7672011818331437,0.767097531826,0.7658333598875275,0.7670852962268462,0.7662156976676225,0.766098472788056,0.7667257107053396,0.7683020025109376,0.768386788522202,0.7683833055134711,0.7685819302755776,0.769620775165505,0.7715039187777544,0.7740102977205604,0.7741602631095206,0.7739023927324513,0.7751364841680874,0.7749339142948113,0.7755102916694793,0.7759351522873753,0.7760167564776755,0.7761066131740255,0.7761721087960199,0.7766262306064295,0.7772763456894839,0.7775277598141088,0.7776120311607868,0.7778103046427387,0.7786100520941263,0.7777947911358185,0.7785586305007348,0.778213573901895,0.778254725401002,0.7785683264454293,0.7787623638743928,0.7789212414046697,0.7787142880398603,0.7789016790235703,0.7800062905494052,0.7808369664329765,0.7816216616109203,0.7816204461584441,0.7815555004637814,0.7823097153910245,0.7828106352446033,0.7839255468414668,0.784023078839282,0.7835208394190358,0.7838995994547251,0.7855602945289226,0.7855471634614163,0.7853108355881415,0.7863052804197453,0.7866607869123637,0.786900077150884,0.7873045786201026,0.7878895027928609,0.7874187215598051,0.7876362701347096,0.7879192242870279,0.7880573853194011,0.7886019947278897,0.7885391298507994,0.788687227869807,0.7889112401108582,0.788954748304072,0.7889203682170363,0.7896033426330726,0.7902129456078275,0.7908482516636646,0.7909378049079945,0.7905836498799379,0.7909893495382689,0.7919363836989864,0.791564764828637,0.7912014204311341,0.7919760677039148,0.7921150582651716,0.7919589439885261,0.7917249285596875,0.7919049888575173,0.7918212087443287,0.7917587254327737,0.7921816110737453,0.7925780792287993,0.7925525541657198,0.7923377238666446,0.7929618738744549,0.7932286463787029,0.7930608937037922,0.7931963966309474,0.7928399210961592,0.7931199553481836,0.7927343469751509,0.7931145664858135,0.7935668603724101,0.7937690954240436,0.7934179301325006,0.7933248574550051,0.7931238301727089,0.7937486486947013,0.7942788697786548,0.7947655019944024,0.7945341474914261,0.7941427451617942,0.7936580463626337,0.7939346017628096,0.7930886309030372,0.7934324847234868,0.7938868339521395,0.7941634800118634,0.7940234562834342,0.7940543988174621,0.7942003156587137,0.7938044687532141,0.7940860111754828,0.7941107274885549,0.7936868995074607,0.7943977606022455,0.7941508684851323,0.794795571193366,0.79483000753895,0.7948971185152125,0.794824359782994,0.7951654091232688,0.7947121460794532,0.7948246092956683,0.7942688801066282,0.7945654039865983,0.7946063127402092,0.7943084336042123,0.79429801049263,0.7948614549831301,0.7946110845956635,0.7947984880906827,0.7944433387431621,0.7934145728040124,0.7940045389333829,0.7941337815240516,0.7937469956419666,0.7936574505822807,0.7940040745163025,0.7936110944738669,0.7938465133667966,0.7944675211148562,0.7941522664837005,0.7939786785775794,0.7937630864816537,0.7941985733006923,0.7940946812904015,0.794293163417669,0.7939480954604928,0.7940209972770479,0.7940948348130368,0.7940697925100194,0.7947309819779699,0.7947207098071061,0.7945541350442052,0.7946794265773817,0.7941859084159523,0.7940623402204591,0.7941253455523242,0.7943719936411934,0.7941593665665827,0.7936135452542499,0.7937694378914913,0.7943030201667868,0.794392734392751,0.7943119081557222,0.794369152200299,0.7938627254486493,0.7939293012154209,0.7936526825212137,0.7936975556931289,0.7937617694264066]
