mlogloss: [2.285754,2.271611,2.256866,2.24339,2.230517,2.219513,2.208587,2.197491,2.187256,2.177308,2.167731,2.160162,2.149899,2.142043,2.134301,2.125372,2.118019,2.110101,2.101832,2.09587,2.088277,2.076865,2.071553,2.065751,2.061103,2.054004,2.047895,2.039634,2.03394,2.026107,2.021145,2.015504,2.010323,2.005138,2.000032,1.996367,1.989313,1.982896,1.977567,1.971617,1.966049,1.961685,1.957738,1.956574,1.95456,1.948738,1.944488,1.938113,1.935168,1.933292,1.9294,1.925641,1.92373,1.919673,1.916852,1.913705,1.910373,1.908177,1.906615,1.903641,1.901809,1.898515,1.896607,1.893749,1.892605,1.88915,1.886382,1.884939,1.883734,1.879606,1.878156,1.874451,1.872472,1.87095,1.867331,1.862731,1.858668,1.852394,1.848765,1.844424,1.839604,1.836795,1.831573,1.829147,1.825144,1.819814,1.816563,1.812966,1.809113,1.806936,1.801813,1.798436,1.794092,1.789397,1.787196,1.784639,1.782181,1.779946,1.777693,1.775524,1.772984,1.771597,1.770106,1.766114,1.762378,1.760682,1.75806,1.753138,1.750855,1.747344,1.745435,1.743292,1.741162,1.738658,1.736933,1.735281,1.730922,1.728673,1.725068,1.723924,1.721552,1.719933,1.717631,1.714186,1.710728,1.708825,1.707971,1.704636,1.701812,1.698662,1.697281,1.694019,1.693227,1.691525,1.690193,1.688227,1.687087,1.686176,1.684218,1.682796,1.680707,1.678896,1.677406,1.675661,1.674484,1.673759,1.671482,1.670375,1.668892,1.666826,1.664591,1.663367,1.661759,1.66075,1.659429,1.656975,1.655834,1.654401,1.652919,1.651389,1.65014,1.64878,1.645971,1.645035,1.643949,1.641239]
gmean: [0.318538 0.332532 0.336876 0.337905 0.339454 0.336408 0.337088 0.335646
 0.337405 0.33998  0.338857 0.339619 0.34277  0.346229 0.346514 0.352321
 0.355192 0.360745 0.372333 0.374841 0.376546 0.38654  0.385775 0.385646
 0.386817 0.387426 0.391746 0.396127 0.398154 0.403952 0.404823 0.407961
 0.408652 0.410432 0.412536 0.41254  0.417092 0.420791 0.42233  0.423205
 0.425605 0.426504 0.427369 0.427095 0.427874 0.430092 0.430769 0.447569
 0.448342 0.448615 0.449378 0.450587 0.450286 0.451857 0.453075 0.453896
 0.455665 0.457184 0.457224 0.45729  0.457221 0.459419 0.461195 0.461496
 0.460776 0.462948 0.464666 0.464892 0.465658 0.46665  0.467435 0.468116
 0.469766 0.470808 0.473042 0.474231 0.475617 0.477607 0.480246 0.482083
 0.484479 0.485776 0.487733 0.488561 0.489634 0.49052  0.49173  0.493084
 0.494512 0.495244 0.497163 0.498487 0.499153 0.500845 0.500691 0.501451
 0.50301  0.503592 0.503953 0.504075 0.505351 0.505418 0.505855 0.508093
 0.508646 0.509726 0.509759 0.510867 0.51138  0.512552 0.512799 0.513318
 0.514302 0.514775 0.514856 0.515874 0.516983 0.517435 0.519107 0.519348
 0.520113 0.51993  0.520419 0.520441 0.52101  0.521133 0.521072 0.520951
 0.521293 0.522361 0.523622 0.524486 0.524919 0.525627 0.526119 0.526064
 0.526717 0.514651 0.514719 0.514493 0.515037 0.527216 0.515206 0.515784
 0.516042 0.516293 0.516187 0.517263 0.517653 0.517439 0.518008 0.518292
 0.518962 0.518755 0.519855 0.519769 0.520019 0.520737 0.520851 0.521691
 0.521916 0.522324 0.522781 0.52315  0.523491 0.523305]
