mlogloss: [2.047202,1.822055,1.674108,1.561211,1.461357,1.357564,1.288055,1.232652,1.176324,1.125356,1.073134,1.029526,0.998404,0.957833,0.92333,0.873782,0.847605,0.814762,0.779489,0.760156,0.726605,0.697602,0.663969,0.644975,0.629511,0.611993,0.589852,0.568515,0.558297,0.549246,0.538637,0.52698,0.507252,0.493929,0.471263,0.460552,0.453314,0.443855,0.429242,0.420669,0.413934,0.404932,0.392875,0.384818,0.379275,0.372673,0.353818,0.346443,0.340314,0.334433,0.326936,0.315027,0.308823,0.302954,0.298206,0.293622,0.287237,0.283395,0.278238,0.274599,0.268058,0.252862,0.249006,0.242213,0.234953,0.229836,0.224337,0.220359,0.215938,0.211469,0.204719,0.198792,0.194743,0.191834,0.188076,0.184347,0.180626,0.176808,0.172193,0.169418,0.167662,0.161854,0.157518,0.155674,0.153333,0.149269,0.143841,0.140438,0.138215,0.135127,0.132396,0.131038,0.126029,0.124318,0.122812,0.119108,0.11529,0.113696,0.110023,0.106271,0.104355,0.102265,0.101283,0.096195,0.093915,0.091769,0.089501,0.087451,0.086476,0.085983,0.081898,0.079779,0.077752,0.076506,0.073607,0.071767,0.07101,0.069583,0.068157,0.065241,0.06405,0.06317,0.061483,0.060477,0.057936,0.057516,0.056559,0.056259,0.053871,0.053423,0.05189,0.051555,0.051263,0.050012,0.049231,0.048264,0.047458,0.04691,0.046424,0.045525,0.044792,0.044201,0.043486,0.042519,0.041935,0.040788,0.040546,0.039593,0.038838,0.038661,0.037763,0.036992,0.036548,0.035975,0.035461,0.034389,0.033984,0.033674,0.033078,0.032801,0.032421,0.032062,0.031764,0.030897,0.030631,0.030282,0.029902,0.029634,0.029283,0.028932,0.028659,0.028278,0.028079,0.027307,0.027044,0.026877,0.026621,0.025826,0.025551,0.025188,0.02484,0.0247,0.024364,0.024044,0.023813,0.023659,0.023462,0.023072,0.022635,0.02223,0.021863,0.021724,0.02161,0.021468,0.021245,0.0211,0.020959,0.020661,0.020274,0.02014,0.020026,0.019755,0.019663,0.019528,0.019312,0.019145,0.01902,0.018834,0.018762,0.01867,0.018528,0.018408,0.018158,0.017999,0.017722]
gmean: [0.512575 0.562762 0.588198 0.609134 0.625971 0.647402 0.659691 0.668649
 0.679438 0.687083 0.695747 0.70444  0.7085   0.714237 0.718459 0.725874
 0.727083 0.732743 0.738335 0.740828 0.747106 0.75252  0.756654 0.759174
 0.759667 0.761096 0.764607 0.767532 0.768377 0.76916  0.770322 0.772157
 0.774664 0.777398 0.780484 0.781179 0.781546 0.782525 0.784603 0.785462
 0.787271 0.787724 0.788899 0.788816 0.789043 0.789759 0.792975 0.794115
 0.794519 0.795603 0.795765 0.796682 0.797131 0.797235 0.797941 0.798136
 0.799304 0.798773 0.799626 0.800674 0.801482 0.803835 0.803831 0.804141
 0.80523  0.805578 0.806271 0.806688 0.807299 0.807478 0.808199 0.808614
 0.809497 0.808908 0.809515 0.810051 0.810574 0.81077  0.811592 0.811713
 0.81177  0.812098 0.81257  0.813141 0.812956 0.813264 0.813894 0.814093
 0.814668 0.814983 0.81541  0.815406 0.81605  0.816169 0.816457 0.816774
 0.817125 0.81735  0.817721 0.8181   0.818204 0.818517 0.818972 0.818587
 0.818699 0.819153 0.81908  0.819557 0.819648 0.819769 0.820321 0.820097
 0.820693 0.820801 0.821268 0.821225 0.821269 0.821218 0.821235 0.821322
 0.821616 0.822039 0.82211  0.822377 0.822452 0.822482 0.822726 0.823293
 0.823378 0.823187 0.823407 0.822995 0.823423 0.823506 0.823648 0.823745
 0.823798 0.824085 0.824089 0.824066 0.823946 0.824077 0.824012 0.823952
 0.823736 0.823329 0.823739 0.823873 0.824129 0.824089 0.824249 0.824357
 0.824298 0.824446 0.824434 0.824102 0.824585 0.824724 0.824715 0.824685
 0.824892 0.825034 0.824969 0.824987 0.825125 0.82533  0.825274 0.825277
 0.825284 0.825277 0.825674 0.825619 0.825554 0.825835 0.825972 0.826318
 0.826254 0.826276 0.826406 0.82614  0.826278 0.826361 0.82649  0.826559
 0.826563 0.826564 0.826767 0.826891 0.826757 0.826748 0.826901 0.826624
 0.826081 0.826213 0.826144 0.82601  0.825944 0.826139 0.82607  0.826139
 0.826139 0.826334 0.8262   0.826074 0.826138 0.826142 0.82621  0.826413
 0.826407 0.826477 0.826545 0.826475 0.826475 0.826611 0.826675]
