mlogloss: [1.14059294 1.00361885 0.94307744 0.8837212  0.85578677 0.82954091
 0.80660021 0.78895497 0.7782586  0.76317946 0.73796641 0.73046817
 0.72435458 0.69835053 0.65996151 0.64881156 0.64457042 0.63417306
 0.62420226 0.62021821 0.5795459  0.56284211 0.53025793 0.5214041
 0.50739498 0.50038421 0.46537198 0.45882204 0.4478588  0.43690875
 0.43240653 0.40448322 0.3983484  0.38858897 0.38364724 0.37472278
 0.37158356 0.36841235 0.36433699 0.35796657 0.32197605 0.30425242
 0.29703539 0.29365423 0.28459166 0.28265399 0.27781364 0.27103488
 0.26839048 0.26696247 0.25766415 0.25658746 0.25460383 0.25330754
 0.19903562 0.17827213 0.1662694  0.16434774 0.16178368 0.15997348
 0.15846959 0.15725644 0.15051709 0.14742082 0.13848402 0.13247647
 0.13186272 0.12805839 0.12693848 0.12537274 0.12319858 0.11837291
 0.11516519 0.11303291 0.10872284 0.10683472 0.10358782 0.10253688
 0.1005527  0.09860669 0.09751902 0.09529096 0.09435656 0.09237488
 0.08938184 0.08785081 0.08487406 0.0818554  0.08000691 0.07880874
 0.07806899 0.07607073 0.0754711  0.07353279 0.07274504 0.07087606
 0.06928746 0.06833476 0.06728097 0.06457705 0.06309253 0.06183436
 0.06046002 0.05955284 0.05759319 0.05711202 0.05666802 0.05595545
 0.05485171 0.05386446 0.0527315  0.05121118 0.04926417 0.0479476
 0.04619667 0.04438858 0.04384575 0.04321282 0.04276372 0.04208809
 0.04159941 0.03971267 0.03848903 0.03765046 0.03674232 0.03625967
 0.03550195 0.03475442 0.03450667 0.03337067 0.03126334 0.03101729
 0.03060764 0.03036934 0.02981175 0.02939464 0.02889456 0.02848947
 0.02816843 0.02788551 0.02774154 0.02660596 0.02571485 0.02550436
 0.02510107 0.02477042 0.02450985 0.0238765  0.02325367 0.02309224
 0.02235211 0.02215505 0.02172561 0.02121499 0.02103569 0.02036809
 0.02013068 0.01970366 0.01958888 0.01944365 0.0191069  0.0186337
 0.01848218 0.01809321 0.01778369 0.01755896 0.01734342 0.01713161
 0.01673492 0.01649418 0.01629078 0.01619665 0.01609236 0.01599937
 0.01580186 0.01564966 0.01545563 0.01525134 0.01492334 0.01475749
 0.01468458 0.01449481 0.0143133  0.01413352 0.01381382 0.01350312
 0.01331904 0.01318364 0.01268292 0.01254154 0.0122178  0.01215226
 0.01176489 0.01165723 0.01157434 0.01144616 0.01119847 0.011147
 0.01101114 0.01085129 0.0106318  0.01040751 0.01029962 0.01020233
 0.0100817  0.01002501 0.00961132 0.00917259 0.00897438 0.00884281
 0.00876206 0.00856602 0.00849694 0.00843777 0.0083734  0.00830299
 0.00819079 0.00817715 0.00813173 0.00789977 0.00782628 0.00776461
 0.00768361 0.00759833 0.00753799 0.00744509 0.00740412 0.00727467
 0.00713721 0.00709748 0.00702401 0.00689132 0.00683418 0.00679943
 0.00676601 0.00671668 0.00666333 0.00653878 0.00640639 0.00637235
 0.00632229 0.00613589 0.00608973 0.0060663  0.00592541 0.00580992
 0.00577074 0.00574764 0.00572809 0.00571056 0.00568536 0.00565537
 0.0055847  0.00554288 0.0055075  0.00544405 0.0054108  0.00538548
 0.00532978 0.00526951 0.00524494 0.00520979 0.00517456 0.00513965
 0.0050923  0.00508255 0.00506697 0.00491864 0.0048903  0.00486668
 0.00470825 0.00467278 0.00460985 0.00457859 0.00457857 0.00443563
 0.00439754 0.00438715 0.00434811 0.00433084 0.00430409 0.00427799
 0.00418405 0.00414494 0.00411406 0.00410176 0.0040913  0.0040599
 0.00405017 0.00403924 0.00398912 0.00396442 0.00392273 0.00390411
 0.00387231 0.0038422  0.00383293 0.00381857 0.00380821 0.00378388
 0.00369037 0.00367823 0.00363386 0.00361452 0.00359087 0.0035778
 0.00352817 0.00351916 0.0034762  0.00342978 0.00342721 0.00340955
 0.00341055 0.00339038 0.00335822 0.00329111 0.00328828 0.00326614
 0.00323335 0.00320805 0.00319686 0.00316837 0.00314027 0.00313298
 0.00311879 0.00310606 0.00308188 0.00305767 0.00303557 0.00302478
 0.00300082 0.0029901  0.00297712 0.0029688  0.00296201 0.00294557
 0.00293703 0.00292521 0.00291272 0.00290287 0.00288632 0.00287274
 0.0028641  0.00283835 0.00281441 0.00279602 0.00278496 0.0027762
 0.00276603 0.00274926 0.00273598 0.00273999 0.00272412 0.00271795
 0.00272087 0.0027078  0.00270296 0.00269422 0.00269118 0.00267829
 0.00264893 0.00263995 0.00262941 0.00262107 0.002613   0.00260318
 0.00258491 0.00257725 0.00257245 0.00256068 0.00254028 0.00252586
 0.0025065  0.0024976  0.00248498 0.00247707 0.0024684  0.00246401
 0.00245137 0.00244311 0.00244003 0.00243937 0.0024395  0.00243507
 0.00241764 0.00240158 0.00239749 0.00239403 0.00238118 0.00237826
 0.00236987 0.00234365 0.00233291 0.00232799 0.00232936 0.00231855
 0.00231218 0.00230229 0.0022961  0.00229599 0.00228677 0.00228528
 0.00228436 0.00227651 0.00227506 0.00226662 0.00226988 0.00225516]
gmean: [0.33125253924169173,0.3518294310623434,0.3898266221402485,0.40563986030129356,0.4084047046492373,0.42041195729769937,0.44528128075400886,0.44523117461319317,0.4419933136909885,0.4464300007273092,0.45228537433750604,0.4489823032337108,0.4536911792796109,0.46369166949827684,0.482029997940018,0.48852937037198874,0.48908680598667104,0.4886493767816406,0.4929093848697329,0.49463260903000456,0.5162045613782268,0.5203003737162247,0.5384409521959154,0.544982569880264,0.5502891979242924,0.5394628758900442,0.5666583060554945,0.5831203791186218,0.5873398217662936,0.5929103400723186,0.5953956963303695,0.6142327140074982,0.6066940656485641,0.6104986067962471,0.6129234515442141,0.616968947853693,0.6198126199347879,0.6233473495586583,0.6253588665312773,0.6285792846443382,0.6660611847892206,0.6802704002859735,0.6848482350964153,0.6873423768112206,0.6929531221662124,0.6928470593357002,0.6940988506822906,0.6985603142539978,0.7005395373589175,0.7010914016670429,0.7081767008420711,0.7082739896729283,0.7098051883886362,0.7125784785356865,0.7547783511307632,0.7654266473242632,0.7717692937145854,0.7717087332488135,0.7769390251391385,0.7777690170424467,0.7793654717974929,0.7800013042567607,0.7815867092855001,0.7831659431827954,0.7866553927336052,0.7987170339120191,0.8007615144079933,0.801473448286856,0.8002181664775072,0.8022762627998977,0.8022600048973917,0.8026723690825377,0.803196217657265,0.8035827246123003,0.8090521545092971,0.808566747171956,0.809990177178633,0.8105646109729416,0.811452846325748,0.8120095376046552,0.8143644240680878,0.8142807918661034,0.8148862185982667,0.8156060393890783,0.8154115168745169,0.8150536893034274,0.8160878932432523,0.8168145574557956,0.817031936736778,0.8178328035183653,0.8178324694338602,0.8190449169603856,0.8196366885953437,0.8193783352967398,0.8244889156960515,0.8244598043975718,0.8245473968471468,0.829470674968828,0.8298538387186919,0.8293434296072304,0.8293171608283781,0.8302567623749879,0.8299703676106417,0.8303456594278952,0.8310971237886735,0.8318902302530734,0.8337671832789142,0.8346964632818797,0.8351410861435618,0.8351247679854239,0.8351828198937138,0.8358942656008632,0.8363845422989761,0.835769836574702,0.8365862032986023,0.8363902668336546,0.8377706562137159,0.8371080262634832,0.8379055018754523,0.8384985397742475,0.8387120078689766,0.8391534779844185,0.8391618831499117,0.8397889215353953,0.8402684438977231,0.8403966848900791,0.8402385038690345,0.8415102891540537,0.841120902300652,0.8399727892273201,0.8423370447764658,0.8430656872588983,0.8422707589468219,0.8430274953215011,0.8420307431227642,0.8423213632479708,0.842821347233902,0.8431471592523547,0.8436160722809295,0.8441307681513818,0.8453461175781756,0.8456721669143201,0.8453903547898165,0.8454200519871934,0.8451478161388447,0.8467966313041743,0.8466361373838641,0.8467143646500286,0.8534714379746219,0.853586628016756,0.8529988884508507,0.8528249192657864,0.8521937022671461,0.8522619045525235,0.8523401678927636,0.8527325023273064,0.8527322115411375,0.8523870869855779,0.8530527514793417,0.8535318573759503,0.8574242460168996,0.856509957053,0.8568142639435626,0.8568266336399373,0.85641106803104,0.8563838148471131,0.8560801844545177,0.8564066635432082,0.856337157773872,0.8565992645988095,0.856841903987023,0.8566074684763166,0.8565597634579926,0.8569983339805831,0.8607322425026316,0.8602215307635793,0.8600599747813766,0.8594187103918542,0.859468022091152,0.8590800737716916,0.8594945639554242,0.859728767515123,0.8597340125817441,0.8596692545961172,0.8596516916420034,0.8597205109779407,0.8593026999113796,0.8593505422937691,0.8587432882909187,0.8592292686506067,0.8590921247010022,0.8592100222890127,0.8588136972953532,0.8614855224693102,0.8610887629661806,0.8606143252639239,0.8603786992556878,0.8598280275961213,0.8597677104702103,0.8599144798175292,0.8594046781473755,0.8596977087750013,0.8598703067859453,0.8600345674036393,0.8599013204552833,0.8612873093201004,0.8614938663608311,0.8613433131812078,0.8611837771856624,0.8610201580322465,0.8610201579236415,0.8609345285678773,0.8613178767752924,0.8614750199127452,0.861427582945454,0.8614750199127452,0.8611309533636591,0.8615960182939586,0.8614940436277607,0.8607261462726506,0.860885766932933,0.8617754760587223,0.8617071068547805,0.8615483453620961,0.8617455250067773,0.8613204464386407,0.8626241392727685,0.8619147179324933,0.8621289933121098,0.8621038743711068,0.8620564714868432,0.8619440769624308,0.8623195162057891,0.8626556487567111,0.8624396897494685,0.8637721610194747,0.8634237701787366,0.8633819530771487,0.8632872856723789,0.8633346216375745,0.8633726832586119,0.8630845934469463,0.8631490973012375,0.8637163336934501,0.8631412144900842,0.8631840941437288,0.8632314377507568,0.8631412162325307,0.8632750204080349,0.8634643515454976,0.8632276812384073,0.86385932668728,0.8636914348662155,0.8636441182813921,0.8633221028082733,0.8635669717415887,0.8635412600023585,0.8635415142859116,0.8634339197098264,0.8632703026065832,0.863867998514603,0.8633231592307516,0.8631509523157529,0.8645292533659082,0.8638431774377098,0.8638553146297384,0.8633746676172346,0.8660171585848342,0.8656056334904723,0.8654338767058439,0.8679233812303664,0.8674824241339587,0.867515003423178,0.8678550763902771,0.8679492533431783,0.8701636538464393,0.8696141555122815,0.8696135795845618,0.8692644930434656,0.8691531305163833,0.8691360921181659,0.8696739472962476,0.8695029831417691,0.8697923407865643,0.8692900921599346,0.8692263277269907,0.8692386423688888,0.8697774249522306,0.8697603987941972,0.8696364484536125,0.8692530081911967,0.8698921496675538,0.8697774249522306,0.8696878751262326,0.8698118182551865,0.8696238518430518,0.8697008161963674,0.8691593171858178,0.8687756668500561,0.8692874258190045,0.8692230294543822,0.8693340955568747,0.8692352879377455,0.8692352879377455,0.8693555637431386,0.8693681623451586,0.8701029903004878,0.8699790844648684,0.8704786790180797,0.8704864897792346,0.8700864015467685,0.8701466633866045,0.8703548259271077,0.8704232243460105,0.8703762690821414,0.870286778134617,0.8704276507457603,0.8704276507457603,0.8703806957119803,0.870286778134617,0.8703806957119803,0.870716703130679,0.8707167051079613,0.8699506067337615,0.870615447834702,0.8702368668961454,0.8704279404258175,0.8705218429699269,0.870467513522504,0.8698325198491759,0.8705614120780109,0.8709099836908822,0.8701610708624236,0.8700671313511142,0.8700671313511142,0.8699221149923231,0.8700330932956807,0.8700970836772537,0.8702583005071427,0.8702113362783734,0.8702923311504988,0.8701813878640023,0.8700234543131165,0.8701684515693117,0.8700105192456441,0.8701344175699677,0.8701984004038217,0.8703733189744018,0.870356302452719,0.8702923276851011,0.8707647614852309,0.8706538761212811,0.8705943506520997,0.8706882355479943,0.8707861925557897,0.871084756307571,0.8708800589179676,0.8712328705698207,0.870769188107876,0.8703862449507388,0.8706339187760531,0.8706039846125668,0.8705570388240169,0.8706039846125668,0.8705100905338385,0.8706036969384503,0.8705567511419618,0.8705567511419618,0.8706506402337134,0.8704288260999196,0.8703818709584069,0.8703818709584069,0.8701940253568944,0.8702879531655536,0.8701940253568944,0.8703093960595388,0.8702753660676563,0.8702284027256263,0.8701814368791286,0.8701984548723055,0.8701814368791286,0.8701811508629981,0.8701811488869371,0.8701171632490606,0.8701811488869371,0.8701981668830305,0.8702454197986829,0.8702113853145598,0.8701644185478877,0.8702284027256263,0.8702753659578918,0.8707618687928954,0.870684999951477,0.870684999951477,0.870638058468121,0.8705271567804278,0.8706210490882479,0.8706210490882479,0.8705911144838336,0.870638056491028,0.8707316490578643,0.8707955918379969,0.8707316490578643,0.8706374806610424,0.870654489709161,0.8707442860372852,0.8707612910272445,0.8708037994161661]
