mlogloss: [2.15082431 1.79331621 1.59914021 1.54028417 1.43702001 1.34760552
 1.27382555 1.20070025 1.1607842  1.09595148 1.07086274 1.05458024
 0.99949777 0.96166883 0.91037467 0.88563627 0.87033338 0.83544898
 0.8069725  0.78381494 0.76324388 0.72388347 0.71328324 0.7017541
 0.67375019 0.65240626 0.63155188 0.62434455 0.60442325 0.58334481
 0.57839923 0.57329068 0.56408651 0.56123742 0.54462044 0.5411312
 0.53292595 0.52842639 0.51472339 0.48835492 0.47498709 0.44908834
 0.44677174 0.44550033 0.44088777 0.42961447 0.42852722 0.42485491
 0.41270644 0.41137356 0.4006366  0.3903608  0.38196631 0.37936133
 0.37680477 0.36354745 0.35051417 0.34908252 0.33584543 0.33496075
 0.32876819 0.32296605 0.3183041  0.30514766 0.30395504 0.29453397
 0.29368553 0.29015598 0.27863237 0.26944504 0.26725709 0.2640071
 0.26075847 0.25947139 0.25498161 0.24935931 0.24460851 0.24354748
 0.24050316 0.23417204 0.23356207 0.23299608 0.22929959 0.22850604
 0.22554108 0.20879435 0.20821546 0.20792914 0.20765287 0.19630844
 0.19501338 0.19038901 0.18873949 0.18536826 0.18112662 0.18035719
 0.17973079 0.17641654 0.17515152 0.17442855 0.17290272 0.16968979
 0.16664076 0.16386825 0.16325104 0.16188856 0.15873657 0.15839328
 0.15648292 0.15572305 0.15279979 0.14905308 0.14865868 0.1481717
 0.14761376 0.14734769 0.14476653 0.14194754 0.14095914 0.14071742
 0.13887335 0.13730895 0.13705267 0.13478692 0.13389176 0.13361904
 0.13336305 0.13196847 0.13000044 0.12991311 0.12835824 0.12800231
 0.12722725 0.12488634 0.12469273 0.12447514 0.12434087]
gmean: [0.43763194923354487,0.5089375854591757,0.5521593987985252,0.5622272931509458,0.599824644764536,0.6260400302712349,0.6331628842641148,0.6461465759611479,0.6603667594422997,0.6899179360474272,0.6858352871067424,0.6809523985794816,0.6922851043769287,0.7051644705554624,0.7169687769357448,0.7130293358761972,0.7073929040781868,0.7131058778687577,0.7211647985936042,0.7259826089307351,0.7327057019950489,0.742811904810831,0.7397710322199363,0.7422611819997204,0.7519050890252987,0.7583310460819588,0.7634162877903169,0.7628019400946192,0.7666650203736358,0.7707754422576562,0.7690336414032276,0.7645262610495627,0.7651534932196662,0.76124691029982,0.7637939043881982,0.7636897080262128,0.7668899474901977,0.7672827992971917,0.7705504951489688,0.7771764248994122,0.7794239279423717,0.7857302371478817,0.7851872195638441,0.784330353029798,0.7852987072823816,0.7870761190977827,0.7862579186077738,0.7866447415259462,0.789513321982934,0.7891064839544576,0.7909238259936411,0.7939858929197825,0.7945934764993501,0.7935910940187977,0.7936734493667311,0.796937394945553,0.7998068843618179,0.7956700148197952,0.7974133064659462,0.7965507178213149,0.7972942286165655,0.7996277942909135,0.7995667987192535,0.8004766239314602,0.7988097934819258,0.8005002267272365,0.7999433156023007,0.800338710796682,0.8022095241004114,0.8033216289062803,0.8032793769083005,0.8029018651742466,0.8037031018848998,0.8017384403288135,0.80243571379974,0.803109605377676,0.8038487261955864,0.8028807410376005,0.803630666997579,0.8050495168438708,0.8043671429848256,0.8038199885725391,0.804520158103309,0.803685849569003,0.8037550838345816,0.8064683944474089,0.8065096544857673,0.8054895845939571,0.8034215859294322,0.8050543734912229,0.8049218851222347,0.8049990595288766,0.8055004358510912,0.8053281474374829,0.8060799476860588,0.80483888662324,0.8047730705848672,0.8045716065086578,0.8045392914918831,0.8033499495293142,0.8029625148211404,0.802638245760855,0.802676249579991,0.8018506574961123,0.8024580537236875,0.8031919815687756,0.8026293537082544,0.8028059067164379,0.8028911300872156,0.8020054454169392,0.8020964200985914,0.8025539357737094,0.8022920234700648,0.801359137627099,0.8012634893604722,0.8021793889487111,0.8021881276926989,0.8016926376539643,0.7996326315252319,0.7997528242738406,0.7997877939213828,0.7994618311551875,0.7991390347943275,0.7985032609618483,0.7986625780073495,0.7983281409528967,0.7976674703817915,0.7977517662227114,0.797976300533727,0.7969821968220113,0.7976985145722836,0.7952822995847899,0.7955528487031444,0.7955468188286272,0.7957906746011171,0.7953004459062529,0.7961246888731638]
